transfer_integral = 0.8368273638718661    (GNN = 1  MD = 0  MBTR = 0)
transfer_integral = 0.4707773564565476    (GNN = 1  MD = 0  MBTR = 0)
transfer_integral = 0.4507105209679397    (GNN = 1  MD = 0  MBTR = 0)
